1487
1487
1487
1487
1415
1415
525
525
525
750
750
17
17
17
17
644
644
644
644
644
322
322
322
322
966
966
966
1325
206
206
206
426
426
1572
892
892
457
1057
1057
1057
437
857
857
857
857
857
857
857
857
1118
1118
1099
1099
1451
1451
1451
1451
954
1505
1505
1571
1205
1205
1205
1205
1205
1031
1031
343
343
343
343
343
343
343
343
1433
1433
1310
999
999
1332
1332
1332
1332
1302
1302
1302
311
311
311
311
1399
1169
1169
996
1046
1046
593
593
862
994
994
197
197
197
197
197
197
197
622
622
1214
1214
1214
166
166
166
166
166
1150
1150
121
1566
1566
1566
1292
1292
1292
259
259
1482
1482
1482
1482
169
169
707
707
1488
1488
1488
349
349
349
1006
1006
1006
1006
1006
500
500
500
500
409
409
409
1540
1540
1540
1540
1540
791
1078
1078
653
523
523
523
1032
1032
1032
1032
1032
1032
1452
1000
1000
1000
1000
1000
541
541
541
541
541
1546
1546
1546
1546
1546
1546
1248
1248
1248
1248
1248
1248
559
559
559
559
559
948
859
859
209
209
209
1368
1368
1368
1444
1444
1444
1444
956
956
956
956
1333
1333
1333
1333
1333
1011
1011
1011
1496
1496
518
518
518
518
695
695
695
1026
1026
1026
1026
1026
645
645
645
645
296
296
296
397
1155
1155
1155
623
623
623
1066
1066
1525
1525
1525
1525
1525
1525
1525
1525
1525
31
31
31
31
31
306
306
64
64
64
1352
1352
685
685
685
1190
1190
1190
1317
1317
1317
1317
1317
1317
87
87
87
1125
1125
1125
1237
1237
1237
504
504
499
499
499
499
499
499
1539
1539
1431
923
1486
1486
74
74
74
74
274
274
274
1132
1132
1132
1132
677
677
677
677
224
224
224
224
733
733
733
483
483
1222
1222
1222
1222
1222
1222
1470
1470
1470
1470
755
755
831
831
199
199
199
199
199
199
199
199
199
668
668
668
933
933
933
933
933
933
631
1065
1065
1065
634
634
703
1315
1315
1315
876
876
632
509
509
796
796
796
605
605
1116
1116
1116
490
490
27
27
27
27
353
353
353
1326
1326
1326
253
253
28
28
1212
1212
1212
1212
1212
449
449
449
449
747
747
747
544
544
544
544
544
544
544
1076
1076
1076
1357
1357
1072
1072
1072
606
606
606
606
606
1346
1346
1346
434
1183
1183
1183
1183
1382
1382
286
286
286
286
1570
804
804
265
1129
1129
1129
1129
1129
546
473
473
828
828
828
828
471
471
471
1192
1192
1192
1192
1192
1192
1550
1550
1550
1550
835
835
835
1416
11
11
11
1313
492
492
492
492
978
978
185
185
185
185
534
534
534
676
1100
1100
1100
1100
1255
1255
1255
1255
1255
735
735
735
269
269
269
269
269
1260
1260
1260
704
704
704
278
278
1510
1510
1510
1510
113
113
113
113
113
113
245
245
127
127
127
127
127
127
97
97
1235
1235
1235
1356
1127
1127
1127
198
198
298
298
298
905
430
430
430
430
663
242
472
472
472
472
472
506
38
38
38
1573
1573
1573
13
13
13
13
212
212
327
327
727
727
1227
1227
1238
1238
1238
1238
1501
1501
459
177
177
177
177
177
363
363
363
454
1406
1406
885
885
885
885
885
1322
1322
157
157
157
157
157
157
157
450
450
450
450
450
1278
1278
282
282
282
1181
1181
919
672
672
337
1535
1535
1535
1015
1015
1015
414
414
414
414
414
156
156
156
925
925
925
925
1350
1350
1548
1548
59
59
59
59
59
1114
1396
1396
1396
1396
1396
1184
153
153
153
1320
1320
1320
797
797
797
797
371
973
973
973
190
190
190
1410
817
817
1432
1432
1504
1504
47
47
243
243
878
878
878
878
108
108
108
108
108
779
779
336
336
336
292
292
889
889
889
889
889
614
614
614
614
736
736
736
736
736
702
702
702
702
531
531
805
805
805
805
805
1414
1414
1414
1226
1226
1226
1226
1226
689
689
424
424
617
617
617
617
617
758
758
758
758
1141
432
432
432
432
432
432
990
990
990
990
990
990
990
1475
929
929
929
798
798
670
670
670
670
381
381
1067
1067
1067
1067
1016
1016
309
86
86
86
86
86
86
1542
1542
1542
33
556
809
984
984
984
845
845
730
730
730
951
951
951
383
383
383
383
3
687
687
687
478
949
949
949
819
819
819
819
819
819
333
333
870
870
883
883
1119
1119
1119
1547
1547
1231
1231
193
193
193
193
193
207
774
774
774
774
774
1348
1348
115
115
1163
1163
1163
228
228
228
228
228
792
792
792
351
351
1492
1492
1492
251
251
251
1497
1497
1497
680
680
680
680
680
887
887
887
887
1097
1097
1097
1097
1087
1087
1087
1087
985
985
856
741
741
1160
1160
1160
1160
1160
130
144
144
144
144
616
616
616
1246
1246
1246
1246
1246
1246
959
959
959
959
959
959
637
637
637
637
179
179
179
659
659
659
659
532
532
361
361
361
1361
1361
1361
908
908
458
458
458
458
458
866
866
142
142
142
80
80
982
982
723
723
1142
1142
1142
41
41
41
1459
58
58
58
58
1145
1145
839
441
441
441
441
714
714
714
714
714
714
352
352
1041
1041
1041
864
864
864
822
822
300
619
619
619
377
1069
1069
1069
1069
1069
638
638
512
512
512
512
512
406
406
406
406
683
683
26
1179
1179
1403
1403
1403
1280
308
308
308
308
1287
1287
366
1407
1407
533
1174
1174
1174
1174
1468
1468
1468
1176
1176
1176
1176
836
1209
1209
1209
1209
1209
347
347
347
936
936
936
936
936
979
979
979
979
1456
1456
1162
1162
1073
1073
1073
314
314
314
1529
1529
1529
1529
1167
1167
1275
1275
1275
1275
744
744
744
744
808
808
808
808
808
808
1543
914
914
914
1397
582
582
582
1523
1523
1523
1523
1523
1523
1481
1218
1218
170
170
170
411
411
411
411
290
290
1269
1269
1269
1269
1269
234
234
234
234
234
234
234
289
233
233
1164
20
20
611
669
669
1564
1564
1564
1564
1417
1417
107
107
107
107
107
358
358
93
93
93
93
526
526
1001
1001
1219
1219
1219
72
247
247
247
247
247
429
429
429
988
988
1239
1239
1239
14
14
14
14
868
868
868
558
558
558
558
558
576
576
576
1268
1268
1516
1516
1516
1123
1123
1123
1123
415
415
415
415
415
415
1567
1567
1567
1567
40
40
40
40
40
407
1489
1489
1489
88
88
88
88
88
88
1279
84
84
84
84
84
84
84
1012
684
684
684
684
684
684
1277
1277
1277
1351
1351
1351
45
45
390
390
390
390
390
1295
1126
1126
1126
1126
1126
1126
1126
1126
976
976
976
976
976
1225
468
468
1186
1186
195
657
657
657
657
657
657
657
657
657
657
138
138
138
814
814
393
393
393
393
554
554
554
554
554
68
68
806
651
1029
1029
435
435
435
435
435
435
435
569
569
1294
1294
771
598
598
403
403
403
968
250
250
250
250
1512
1512
824
824
238
238
238
238
238
238
258
258
258
258
258
785
785
106
731
731
731
731
731
705
705
781
781
781
781
280
1286
1286
1286
1286
1286
1286
849
849
849
318
318
318
675
675
589
589
848
848
1107
1079
1079
1079
1079
